
=== UNCOVERED LINES REPORT ===
user_info_controller.rb - 71.65% (55/194 uncovered)
  Lines: 54, 86, 87, 91, 92, 94, 95, 97, 98, 100, 101, 103, 104, 106, 107, 109, 110, 159, 163, 206, 207, 211, 212, 213, 215, 357, 358, 359, 360, 364, 370, 372, 376, 378, 379, 383, 384, 385, 415, 456, 471, 472, 483, 484, 486, 487, 488, 489, 492, 493, 497, 498, 499, 503, 504

linkedin_service.rb - 74.79% (61/242 uncovered)
  Lines: 56, 62, 63, 64, 92, 93, 94, 95, 96, 100, 112, 113, 114, 115, 116, 120, 141, 149, 150, 198, 199, 200, 203, 204, 205, 206, 210, 223, 224, 227, 295, 296, 344, 345, 362, 363, 365, 370, 385, 466, 467, 468, 469, 470, 485, 487, 489, 493, 494, 495, 497, 499, 501, 503, 508, 565, 566, 567, 568, 569, 571

buckets_controller.rb - 78.19% (41/188 uncovered)
  Lines: 20, 129, 130, 132, 135, 136, 169, 170, 175, 215, 216, 218, 221, 222, 255, 268, 271, 272, 273, 274, 275, 278, 285, 288, 296, 341, 351, 354, 355, 358, 359, 362, 363, 364, 368, 369, 372, 373, 375, 387, 392

rss_fetch_service.rb - 78.23% (32/147 uncovered)
  Lines: 31, 32, 33, 50, 51, 53, 114, 115, 116, 131, 133, 156, 157, 174, 175, 176, 177, 196, 210, 211, 212, 222, 223, 224, 247, 248, 252, 269, 286, 290, 291, 348

rss_posts_controller.rb - 79.84% (26/129 uncovered)
  Lines: 17, 18, 97, 102, 103, 124, 129, 130, 196, 197, 198, 207, 212, 213, 224, 229, 230, 242, 247, 248, 253, 254, 264, 277, 288, 291

twitter_service.rb - 80.0% (17/85 uncovered)
  Lines: 36, 60, 184, 185, 188, 189, 192, 193, 197, 198, 201, 202, 203, 204, 205, 206, 207

oauth_controller.rb - 84.36% (33/211 uncovered)
  Lines: 22, 23, 24, 34, 35, 45, 46, 56, 66, 67, 69, 71, 81, 82, 83, 89, 95, 108, 110, 111, 118, 122, 126, 135, 136, 137, 138, 139, 140, 142, 143, 220, 221

subscriptions_controller.rb - 89.66% (21/203 uncovered)
  Lines: 177, 181, 189, 231, 232, 233, 235, 236, 400, 401, 433, 443, 444, 445, 462, 465, 467, 474, 483, 501, 506

bucket.rb - 95.56% (2/45 uncovered)
  Lines: 116, 119

facebook_service.rb - 95.6% (4/91 uncovered)
  Lines: 49, 124, 132, 133

sub_accounts_controller.rb - 95.92% (2/49 uncovered)
  Lines: 38, 61

google_service.rb - 96.0% (1/25 uncovered)
  Lines: 68

social_media_poster_service.rb - 96.12% (4/103 uncovered)
  Lines: 162, 175, 190, 203

rss_feeds_controller.rb - 97.67% (2/86 uncovered)
  Lines: 47, 183

bucket_schedules_controller.rb - 98.32% (2/119 uncovered)
  Lines: 41, 42

oauth_service.rb - 98.36% (1/61 uncovered)
  Lines: 83

bucket_schedule.rb - 99.09% (1/110 uncovered)
  Lines: 126

scheduler_controller.rb - 99.09% (1/110 uncovered)
  Lines: 37

